111

, 6111116111.1025.·

Ᾰ·“1’1ν11111..115

11111511). 585. 760.
6118186111. 559.
1111111111. 719.

6111111.61111 581.

“ ι 6111111611. 900. 907.

1111111111. 248. 977.
6111116111. 1097.
61111. 744.
ἳνακαιυέμα15031120
111111 ω
1011111111. 775.
1111111.1111 415. 895.
1111111011 1. 6365844. 935 1086.
να 11 11.
6186 (11118111 191
111811111181111 517.
1110181111. 587.
6111111611. 495.
1181118113·
6181111111962. 1020.
6181111161 1111. 412.
610 111. 490 887.
61111161. 557.
ἀνοίγνυμι. 1099. ·
11161111. 411
6111111111. 482.
1127191821..

1
6111111111111. 780.
61111111 1161111116 differunt. 134.
not. 0011. 980. ,
1111111111. 482. 589.

’1111116111Ι 1208.

61111. 125. 874.
11111.159.171.1111.1171.
611111608066.116262271.
6111111111. 768.
1111161111.111.206. 1106.
61111111. 884.

61111111. 88.

&affl 70. 940. 81101 gurm.
6111611. 1111111116111111 1111116101.

11.1.1111111.111111 opus 1111.

1111165611 111611111110111. 974.

6116 1111 1111161111 11161 811·

mlv· 886.
1111111111122211111.

INDEX GRAECUS.

6118181111 1028.
6118611111. 927.
6118111120217.
6111101111. 899.

’ danuvium 284. 889.

1111111611. 236
6111111111. 104. 444. 491. 829.

10291145.
6161111111. 886. 417. 847. 854. 861
111161 m 11111151. 65. 68.

, '⁷ 51111... 11. 111. 111. 111.

61611111 1111111116.
1111111611. 1181.

;11111111’μ1111. 592

611118411111. 661.
6111111111. 969.
1111111111. 1056. ,

Ι ·. 6111111111. 1190..

611116111111111111111111. 855. 851·
6111111111. 464.

61161111. 480.

11111ψᾶ11. 814.

6111111111. 894.
611112991191

11111. 481. 878. 956.

111111λέ11. 1.

61161. 512. 919

’.1111111 xo'he Ἄργους. 591
6111118111 1111116ν 11 210.
61161111.181.141.156.158.919.
6116111111111161. 147.

’ 11111111 cum 1111111. 949.

8116611616081111. 812
6111111111. 890.

, 111611. 196. 229. 845. 409. 605. 61611 521.

’1111611611 13116811 1111111111. 818.
111111 1908161188.
6111101131561150116111 221
1111111111. 96511101170.
61111. 130 914.

6111181111 11111556.
6181111 259.

dago, ,111811 11111. 11150. 1161111·

111111τῆ1. 581. ·

’.1111111161 407. 618. 682.
6111111611. 1126.

6116111111. 820. 789. 748. 1089.
ἐπίβα ⁴4⁰·

6111111. 1147.

11161. 1108.

 

